0 0 1 0 1 1 0 1
2 0 3 0 3 1 2 1
4 0 5 0 5 1 4 1
6 0 7 0 7 1 6 1
8 0 9 0 9 1 8 1
10 0 11 0 11 1 10 1
12 0 13 0 13 1 12 1
14 0 15 0 15 1 14 1
16 0 17 0 17 1 16 1
18 0 19 0 19 1 18 1
20 0 21 0 21 1 20 1
22 0 23 0 23 1 22 1
24 0 25 0 25 1 24 1
26 0 27 0 27 1 26 1
28 0 29 0 29 1 28 1
30 0 31 0 31 1 30 1
32 0 33 0 33 1 32 1
34 0 35 0 35 1 34 1
36 0 37 0 37 1 36 1
38 0 39 0 39 1 38 1
40 0 41 0 41 1 40 1
42 0 43 0 43 1 42 1
44 0 45 0 45 1 44 1
46 0 47 0 47 1 46 1
48 0 49 0 49 1 48 1
50 0 51 0 51 1 50 1
52 0 53 0 53 1 52 1
54 0 55 0 55 1 54 1
56 0 57 0 57 1 56 1
58 0 59 0 59 1 58 1
60 0 61 0 61 1 60 1
62 0 63 0 63 1 62 1
64 0 65 0 65 1 64 1
66 0 67 0 67 1 66 1
68 0 69 0 69 1 68 1
70 0 71 0 71 1 70 1
72 0 73 0 73 1 72 1
74 0 75 0 75 1 74 1
76 0 77 0 77 1 76 1
78 0 79 0 79 1 78 1
0 2 1 2 1 3 0 3
2 2 3 2 3 3 2 3
4 2 5 2 5 3 4 3
6 2 7 2 7 3 6 3
8 2 9 2 9 3 8 3
10 2 11 2 11 3 10 3
12 2 13 2 13 3 12 3
14 2 15 2 15 3 14 3
16 2 17 2 17 3 16 3
18 2 19 2 19 3 18 3
20 2 21 2 21 3 20 3
22 2 23 2 23 3 22 3
24 2 25 2 25 3 24 3
26 2 27 2 27 3 26 3
28 2 29 2 29 3 28 3
30 2 31 2 31 3 30 3
32 2 33 2 33 3 32 3
34 2 35 2 35 3 34 3
36 2 37 2 37 3 36 3
38 2 39 2 39 3 38 3
40 2 41 2 41 3 40 3
42 2 43 2 43 3 42 3
44 2 45 2 45 3 44 3
46 2 47 2 47 3 46 3
48 2 49 2 49 3 48 3
50 2 51 2 51 3 50 3
52 2 53 2 53 3 52 3
54 2 55 2 55 3 54 3
56 2 57 2 57 3 56 3
58 2 59 2 59 3 58 3
60 2 61 2 61 3 60 3
62 2 63 2 63 3 62 3
64 2 65 2 65 3 64 3
66 2 67 2 67 3 66 3
68 2 69 2 69 3 68 3
70 2 71 2 71 3 70 3
72 2 73 2 73 3 72 3
74 2 75 2 75 3 74 3
76 2 77 2 77 3 76 3
78 2 79 2 79 3 78 3
0 4 1 4 1 5 0 5
2 4 3 4 3 5 2 5
4 4 5 4 5 5 4 5
6 4 7 4 7 5 6 5
8 4 9 4 9 5 8 5
10 4 11 4 11 5 10 5
12 4 13 4 13 5 12 5
14 4 15 4 15 5 14 5
16 4 17 4 17 5 16 5
18 4 19 4 19 5 18 5
20 4 21 4 21 5 20 5
22 4 23 4 23 5 22 5
24 4 25 4 25 5 24 5
26 4 27 4 27 5 26 5
28 4 29 4 29 5 28 5
30 4 31 4 31 5 30 5
32 4 33 4 33 5 32 5
34 4 35 4 35 5 34 5
36 4 37 4 37 5 36 5
38 4 39 4 39 5 38 5
40 4 41 4 41 5 40 5
42 4 43 4 43 5 42 5
44 4 45 4 45 5 44 5
46 4 47 4 47 5 46 5
48 4 49 4 49 5 48 5
50 4 51 4 51 5 50 5
52 4 53 4 53 5 52 5
54 4 55 4 55 5 54 5
56 4 57 4 57 5 56 5
58 4 59 4 59 5 58 5
60 4 61 4 61 5 60 5
62 4 63 4 63 5 62 5
64 4 65 4 65 5 64 5
66 4 67 4 67 5 66 5
68 4 69 4 69 5 68 5
70 4 71 4 71 5 70 5
72 4 73 4 73 5 72 5
74 4 75 4 75 5 74 5
76 4 77 4 77 5 76 5
78 4 79 4 79 5 78 5
0 6 1 6 1 7 0 7
2 6 3 6 3 7 2 7
4 6 5 6 5 7 4 7
6 6 7 6 7 7 6 7
8 6 9 6 9 7 8 7
10 6 11 6 11 7 10 7
12 6 13 6 13 7 12 7
14 6 15 6 15 7 14 7
16 6 17 6 17 7 16 7
18 6 19 6 19 7 18 7
20 6 21 6 21 7 20 7
22 6 23 6 23 7 22 7
24 6 25 6 25 7 24 7
26 6 27 6 27 7 26 7
28 6 29 6 29 7 28 7
30 6 31 6 31 7 30 7
32 6 33 6 33 7 32 7
34 6 35 6 35 7 34 7
36 6 37 6 37 7 36 7
38 6 39 6 39 7 38 7
40 6 41 6 41 7 40 7
42 6 43 6 43 7 42 7
44 6 45 6 45 7 44 7
46 6 47 6 47 7 46 7
48 6 49 6 49 7 48 7
50 6 51 6 51 7 50 7
52 6 53 6 53 7 52 7
54 6 55 6 55 7 54 7
56 6 57 6 57 7 56 7
58 6 59 6 59 7 58 7
60 6 61 6 61 7 60 7
62 6 63 6 63 7 62 7
64 6 65 6 65 7 64 7
66 6 67 6 67 7 66 7
68 6 69 6 69 7 68 7
70 6 71 6 71 7 70 7
72 6 73 6 73 7 72 7
74 6 75 6 75 7 74 7
76 6 77 6 77 7 76 7
78 6 79 6 79 7 78 7
0 8 1 8 1 9 0 9
2 8 3 8 3 9 2 9
4 8 5 8 5 9 4 9
6 8 7 8 7 9 6 9
8 8 9 8 9 9 8 9
10 8 11 8 11 9 10 9
12 8 13 8 13 9 12 9
14 8 15 8 15 9 14 9
16 8 17 8 17 9 16 9
18 8 19 8 19 9 18 9
20 8 21 8 21 9 20 9
22 8 23 8 23 9 22 9
24 8 25 8 25 9 24 9
26 8 27 8 27 9 26 9
28 8 29 8 29 9 28 9
30 8 31 8 31 9 30 9
32 8 33 8 33 9 32 9
34 8 35 8 35 9 34 9
36 8 37 8 37 9 36 9
38 8 39 8 39 9 38 9
40 8 41 8 41 9 40 9
42 8 43 8 43 9 42 9
44 8 45 8 45 9 44 9
46 8 47 8 47 9 46 9
48 8 49 8 49 9 48 9
50 8 51 8 51 9 50 9
52 8 53 8 53 9 52 9
54 8 55 8 55 9 54 9
56 8 57 8 57 9 56 9
58 8 59 8 59 9 58 9
60 8 61 8 61 9 60 9
62 8 63 8 63 9 62 9
64 8 65 8 65 9 64 9
66 8 67 8 67 9 66 9
68 8 69 8 69 9 68 9
70 8 71 8 71 9 70 9
72 8 73 8 73 9 72 9
74 8 75 8 75 9 74 9
76 8 77 8 77 9 76 9
78 8 79 8 79 9 78 9
0 10 1 10 1 11 0 11
2 10 3 10 3 11 2 11
4 10 5 10 5 11 4 11
6 10 7 10 7 11 6 11
8 10 9 10 9 11 8 11
10 10 11 10 11 11 10 11
12 10 13 10 13 11 12 11
14 10 15 10 15 11 14 11
16 10 17 10 17 11 16 11
18 10 19 10 19 11 18 11
20 10 21 10 21 11 20 11
22 10 23 10 23 11 22 11
24 10 25 10 25 11 24 11
26 10 27 10 27 11 26 11
28 10 29 10 29 11 28 11
30 10 31 10 31 11 30 11
32 10 33 10 33 11 32 11
34 10 35 10 35 11 34 11
36 10 37 10 37 11 36 11
38 10 39 10 39 11 38 11
40 10 41 10 41 11 40 11
42 10 43 10 43 11 42 11
44 10 45 10 45 11 44 11
46 10 47 10 47 11 46 11
48 10 49 10 49 11 48 11
50 10 51 10 51 11 50 11
52 10 53 10 53 11 52 11
54 10 55 10 55 11 54 11
56 10 57 10 57 11 56 11
58 10 59 10 59 11 58 11
60 10 61 10 61 11 60 11
62 10 63 10 63 11 62 11
64 10 65 10 65 11 64 11
66 10 67 10 67 11 66 11
68 10 69 10 69 11 68 11
70 10 71 10 71 11 70 11
72 10 73 10 73 11 72 11
74 10 75 10 75 11 74 11
76 10 77 10 77 11 76 11
78 10 79 10 79 11 78 11
0 12 1 12 1 13 0 13
2 12 3 12 3 13 2 13
4 12 5 12 5 13 4 13
6 12 7 12 7 13 6 13
8 12 9 12 9 13 8 13
10 12 11 12 11 13 10 13
12 12 13 12 13 13 12 13
14 12 15 12 15 13 14 13
16 12 17 12 17 13 16 13
18 12 19 12 19 13 18 13
20 12 21 12 21 13 20 13
22 12 23 12 23 13 22 13
24 12 25 12 25 13 24 13
26 12 27 12 27 13 26 13
28 12 29 12 29 13 28 13
30 12 31 12 31 13 30 13
32 12 33 12 33 13 32 13
34 12 35 12 35 13 34 13
36 12 37 12 37 13 36 13
38 12 39 12 39 13 38 13
40 12 41 12 41 13 40 13
42 12 43 12 43 13 42 13
44 12 45 12 45 13 44 13
46 12 47 12 47 13 46 13
48 12 49 12 49 13 48 13
50 12 51 12 51 13 50 13
52 12 53 12 53 13 52 13
54 12 55 12 55 13 54 13
56 12 57 12 57 13 56 13
58 12 59 12 59 13 58 13
60 12 61 12 61 13 60 13
62 12 63 12 63 13 62 13
64 12 65 12 65 13 64 13
66 12 67 12 67 13 66 13
68 12 69 12 69 13 68 13
70 12 71 12 71 13 70 13
72 12 73 12 73 13 72 13
74 12 75 12 75 13 74 13
76 12 77 12 77 13 76 13
78 12 79 12 79 13 78 13
0 14 1 14 1 15 0 15
2 14 3 14 3 15 2 15
4 14 5 14 5 15 4 15
6 14 7 14 7 15 6 15
8 14 9 14 9 15 8 15
10 14 11 14 11 15 10 15
12 14 13 14 13 15 12 15
14 14 15 14 15 15 14 15
16 14 17 14 17 15 16 15
18 14 19 14 19 15 18 15
20 14 21 14 21 15 20 15
22 14 23 14 23 15 22 15
24 14 25 14 25 15 24 15
26 14 27 14 27 15 26 15
28 14 29 14 29 15 28 15
30 14 31 14 31 15 30 15
32 14 33 14 33 15 32 15
34 14 35 14 35 15 34 15
36 14 37 14 37 15 36 15
38 14 39 14 39 15 38 15
40 14 41 14 41 15 40 15
42 14 43 14 43 15 42 15
44 14 45 14 45 15 44 15
46 14 47 14 47 15 46 15
48 14 49 14 49 15 48 15
50 14 51 14 51 15 50 15
52 14 53 14 53 15 52 15
54 14 55 14 55 15 54 15
56 14 57 14 57 15 56 15
58 14 59 14 59 15 58 15
60 14 61 14 61 15 60 15
62 14 63 14 63 15 62 15
64 14 65 14 65 15 64 15
66 14 67 14 67 15 66 15
68 14 69 14 69 15 68 15
70 14 71 14 71 15 70 15
72 14 73 14 73 15 72 15
74 14 75 14 75 15 74 15
76 14 77 14 77 15 76 15
78 14 79 14 79 15 78 15
0 16 1 16 1 17 0 17
2 16 3 16 3 17 2 17
4 16 5 16 5 17 4 17
6 16 7 16 7 17 6 17
8 16 9 16 9 17 8 17
10 16 11 16 11 17 10 17
12 16 13 16 13 17 12 17
14 16 15 16 15 17 14 17
16 16 17 16 17 17 16 17
18 16 19 16 19 17 18 17
20 16 21 16 21 17 20 17
22 16 23 16 23 17 22 17
24 16 25 16 25 17 24 17
26 16 27 16 27 17 26 17
28 16 29 16 29 17 28 17
30 16 31 16 31 17 30 17
32 16 33 16 33 17 32 17
34 16 35 16 35 17 34 17
36 16 37 16 37 17 36 17
38 16 39 16 39 17 38 17
40 16 41 16 41 17 40 17
42 16 43 16 43 17 42 17
44 16 45 16 45 17 44 17
46 16 47 16 47 17 46 17
48 16 49 16 49 17 48 17
50 16 51 16 51 17 50 17
52 16 53 16 53 17 52 17
54 16 55 16 55 17 54 17
56 16 57 16 57 17 56 17
58 16 59 16 59 17 58 17
60 16 61 16 61 17 60 17
62 16 63 16 63 17 62 17
64 16 65 16 65 17 64 17
66 16 67 16 67 17 66 17
68 16 69 16 69 17 68 17
70 16 71 16 71 17 70 17
72 16 73 16 73 17 72 17
74 16 75 16 75 17 74 17
76 16 77 16 77 17 76 17
78 16 79 16 79 17 78 17
0 18 1 18 1 19 0 19
2 18 3 18 3 19 2 19
4 18 5 18 5 19 4 19
6 18 7 18 7 19 6 19
8 18 9 18 9 19 8 19
10 18 11 18 11 19 10 19
12 18 13 18 13 19 12 19
14 18 15 18 15 19 14 19
16 18 17 18 17 19 16 19
18 18 19 18 19 19 18 19
20 18 21 18 21 19 20 19
22 18 23 18 23 19 22 19
24 18 25 18 25 19 24 19
26 18 27 18 27 19 26 19
28 18 29 18 29 19 28 19
30 18 31 18 31 19 30 19
32 18 33 18 33 19 32 19
34 18 35 18 35 19 34 19
36 18 37 18 37 19 36 19
38 18 39 18 39 19 38 19
40 18 41 18 41 19 40 19
42 18 43 18 43 19 42 19
44 18 45 18 45 19 44 19
46 18 47 18 47 19 46 19
48 18 49 18 49 19 48 19
50 18 51 18 51 19 50 19
52 18 53 18 53 19 52 19
54 18 55 18 55 19 54 19
56 18 57 18 57 19 56 19
58 18 59 18 59 19 58 19
60 18 61 18 61 19 60 19
62 18 63 18 63 19 62 19
64 18 65 18 65 19 64 19
66 18 67 18 67 19 66 19
68 18 69 18 69 19 68 19
70 18 71 18 71 19 70 19
72 18 73 18 73 19 72 19
74 18 75 18 75 19 74 19
76 18 77 18 77 19 76 19
78 18 79 18 79 19 78 19
0 20 1 20 1 21 0 21
2 20 3 20 3 21 2 21
4 20 5 20 5 21 4 21
6 20 7 20 7 21 6 21
8 20 9 20 9 21 8 21
10 20 11 20 11 21 10 21
12 20 13 20 13 21 12 21
14 20 15 20 15 21 14 21
16 20 17 20 17 21 16 21
18 20 19 20 19 21 18 21
20 20 21 20 21 21 20 21
22 20 23 20 23 21 22 21
24 20 25 20 25 21 24 21
26 20 27 20 27 21 26 21
28 20 29 20 29 21 28 21
30 20 31 20 31 21 30 21
32 20 33 20 33 21 32 21
34 20 35 20 35 21 34 21
36 20 37 20 37 21 36 21
38 20 39 20 39 21 38 21
40 20 41 20 41 21 40 21
42 20 43 20 43 21 42 21
44 20 45 20 45 21 44 21
46 20 47 20 47 21 46 21
48 20 49 20 49 21 48 21
50 20 51 20 51 21 50 21
52 20 53 20 53 21 52 21
54 20 55 20 55 21 54 21
56 20 57 20 57 21 56 21
58 20 59 20 59 21 58 21
60 20 61 20 61 21 60 21
62 20 63 20 63 21 62 21
64 20 65 20 65 21 64 21
66 20 67 20 67 21 66 21
68 20 69 20 69 21 68 21
70 20 71 20 71 21 70 21
72 20 73 20 73 21 72 21
74 20 75 20 75 21 74 21
76 20 77 20 77 21 76 21
78 20 79 20 79 21 78 21
0 22 1 22 1 23 0 23
2 22 3 22 3 23 2 23
4 22 5 22 5 23 4 23
6 22 7 22 7 23 6 23
8 22 9 22 9 23 8 23
10 22 11 22 11 23 10 23
12 22 13 22 13 23 12 23
14 22 15 22 15 23 14 23
16 22 17 22 17 23 16 23
18 22 19 22 19 23 18 23
20 22 21 22 21 23 20 23
22 22 23 22 23 23 22 23
24 22 25 22 25 23 24 23
26 22 27 22 27 23 26 23
28 22 29 22 29 23 28 23
30 22 31 22 31 23 30 23
32 22 33 22 33 23 32 23
34 22 35 22 35 23 34 23
36 22 37 22 37 23 36 23
38 22 39 22 39 23 38 23
40 22 41 22 41 23 40 23
42 22 43 22 43 23 42 23
44 22 45 22 45 23 44 23
46 22 47 22 47 23 46 23
48 22 49 22 49 23 48 23
50 22 51 22 51 23 50 23
52 22 53 22 53 23 52 23
54 22 55 22 55 23 54 23
56 22 57 22 57 23 56 23
58 22 59 22 59 23 58 23
60 22 61 22 61 23 60 23
62 22 63 22 63 23 62 23
64 22 65 22 65 23 64 23
66 22 67 22 67 23 66 23
68 22 69 22 69 23 68 23
70 22 71 22 71 23 70 23
72 22 73 22 73 23 72 23
74 22 75 22 75 23 74 23
76 22 77 22 77 23 76 23
78 22 79 22 79 23 78 23
0 24 1 24 1 25 0 25
2 24 3 24 3 25 2 25
4 24 5 24 5 25 4 25
6 24 7 24 7 25 6 25
8 24 9 24 9 25 8 25
10 24 11 24 11 25 10 25
12 24 13 24 13 25 12 25
14 24 15 24 15 25 14 25
16 24 17 24 17 25 16 25
18 24 19 24 19 25 18 25
20 24 21 24 21 25 20 25
22 24 23 24 23 25 22 25
24 24 25 24 25 25 24 25
26 24 27 24 27 25 26 25
28 24 29 24 29 25 28 25
30 24 31 24 31 25 30 25
32 24 33 24 33 25 32 25
34 24 35 24 35 25 34 25
36 24 37 24 37 25 36 25
38 24 39 24 39 25 38 25
40 24 41 24 41 25 40 25
42 24 43 24 43 25 42 25
44 24 45 24 45 25 44 25
46 24 47 24 47 25 46 25
48 24 49 24 49 25 48 25
50 24 51 24 51 25 50 25
52 24 53 24 53 25 52 25
54 24 55 24 55 25 54 25
56 24 57 24 57 25 56 25
58 24 59 24 59 25 58 25
60 24 61 24 61 25 60 25
62 24 63 24 63 25 62 25
64 24 65 24 65 25 64 25
66 24 67 24 67 25 66 25
68 24 69 24 69 25 68 25
70 24 71 24 71 25 70 25
72 24 73 24 73 25 72 25
74 24 75 24 75 25 74 25
76 24 77 24 77 25 76 25
78 24 79 24 79 25 78 25
0 26 1 26 1 27 0 27
2 26 3 26 3 27 2 27
4 26 5 26 5 27 4 27
6 26 7 26 7 27 6 27
8 26 9 26 9 27 8 27
10 26 11 26 11 27 10 27
12 26 13 26 13 27 12 27
14 26 15 26 15 27 14 27
16 26 17 26 17 27 16 27
18 26 19 26 19 27 18 27
20 26 21 26 21 27 20 27
22 26 23 26 23 27 22 27
24 26 25 26 25 27 24 27
26 26 27 26 27 27 26 27
28 26 29 26 29 27 28 27
30 26 31 26 31 27 30 27
32 26 33 26 33 27 32 27
34 26 35 26 35 27 34 27
36 26 37 26 37 27 36 27
38 26 39 26 39 27 38 27
40 26 41 26 41 27 40 27
42 26 43 26 43 27 42 27
44 26 45 26 45 27 44 27
46 26 47 26 47 27 46 27
48 26 49 26 49 27 48 27
50 26 51 26 51 27 50 27
52 26 53 26 53 27 52 27
54 26 55 26 55 27 54 27
56 26 57 26 57 27 56 27
58 26 59 26 59 27 58 27
60 26 61 26 61 27 60 27
62 26 63 26 63 27 62 27
64 26 65 26 65 27 64 27
66 26 67 26 67 27 66 27
68 26 69 26 69 27 68 27
70 26 71 26 71 27 70 27
72 26 73 26 73 27 72 27
74 26 75 26 75 27 74 27
76 26 77 26 77 27 76 27
78 26 79 26 79 27 78 27
0 28 1 28 1 29 0 29
2 28 3 28 3 29 2 29
4 28 5 28 5 29 4 29
6 28 7 28 7 29 6 29
8 28 9 28 9 29 8 29
10 28 11 28 11 29 10 29
12 28 13 28 13 29 12 29
14 28 15 28 15 29 14 29
16 28 17 28 17 29 16 29
18 28 19 28 19 29 18 29
20 28 21 28 21 29 20 29
22 28 23 28 23 29 22 29
24 28 25 28 25 29 24 29
26 28 27 28 27 29 26 29
28 28 29 28 29 29 28 29
30 28 31 28 31 29 30 29
32 28 33 28 33 29 32 29
34 28 35 28 35 29 34 29
36 28 37 28 37 29 36 29
38 28 39 28 39 29 38 29
40 28 41 28 41 29 40 29
42 28 43 28 43 29 42 29
44 28 45 28 45 29 44 29
46 28 47 28 47 29 46 29
48 28 49 28 49 29 48 29
50 28 51 28 51 29 50 29
52 28 53 28 53 29 52 29
54 28 55 28 55 29 54 29
56 28 57 28 57 29 56 29
58 28 59 28 59 29 58 29
60 28 61 28 61 29 60 29
62 28 63 28 63 29 62 29
64 28 65 28 65 29 64 29
66 28 67 28 67 29 66 29
68 28 69 28 69 29 68 29
70 28 71 28 71 29 70 29
72 28 73 28 73 29 72 29
74 28 75 28 75 29 74 29
76 28 77 28 77 29 76 29
78 28 79 28 79 29 78 29
0 30 1 30 1 31 0 31
2 30 3 30 3 31 2 31
4 30 5 30 5 31 4 31
6 30 7 30 7 31 6 31
8 30 9 30 9 31 8 31
10 30 11 30 11 31 10 31
12 30 13 30 13 31 12 31
14 30 15 30 15 31 14 31
16 30 17 30 17 31 16 31
18 30 19 30 19 31 18 31
20 30 21 30 21 31 20 31
22 30 23 30 23 31 22 31
24 30 25 30 25 31 24 31
26 30 27 30 27 31 26 31
28 30 29 30 29 31 28 31
30 30 31 30 31 31 30 31
32 30 33 30 33 31 32 31
34 30 35 30 35 31 34 31
36 30 37 30 37 31 36 31
38 30 39 30 39 31 38 31
40 30 41 30 41 31 40 31
42 30 43 30 43 31 42 31
44 30 45 30 45 31 44 31
46 30 47 30 47 31 46 31
48 30 49 30 49 31 48 31
50 30 51 30 51 31 50 31
52 30 53 30 53 31 52 31
54 30 55 30 55 31 54 31
56 30 57 30 57 31 56 31
58 30 59 30 59 31 58 31
60 30 61 30 61 31 60 31
62 30 63 30 63 31 62 31
64 30 65 30 65 31 64 31
66 30 67 30 67 31 66 31
68 30 69 30 69 31 68 31
70 30 71 30 71 31 70 31
72 30 73 30 73 31 72 31
74 30 75 30 75 31 74 31
76 30 77 30 77 31 76 31
78 30 79 30 79 31 78 31
0 32 1 32 1 33 0 33
2 32 3 32 3 33 2 33
4 32 5 32 5 33 4 33
6 32 7 32 7 33 6 33
8 32 9 32 9 33 8 33
10 32 11 32 11 33 10 33
12 32 13 32 13 33 12 33
14 32 15 32 15 33 14 33
16 32 17 32 17 33 16 33
18 32 19 32 19 33 18 33
20 32 21 32 21 33 20 33
22 32 23 32 23 33 22 33
24 32 25 32 25 33 24 33
26 32 27 32 27 33 26 33
28 32 29 32 29 33 28 33
30 32 31 32 31 33 30 33
32 32 33 32 33 33 32 33
34 32 35 32 35 33 34 33
36 32 37 32 37 33 36 33
38 32 39 32 39 33 38 33
40 32 41 32 41 33 40 33
42 32 43 32 43 33 42 33
44 32 45 32 45 33 44 33
46 32 47 32 47 33 46 33
48 32 49 32 49 33 48 33
50 32 51 32 51 33 50 33
52 32 53 32 53 33 52 33
54 32 55 32 55 33 54 33
56 32 57 32 57 33 56 33
58 32 59 32 59 33 58 33
60 32 61 32 61 33 60 33
62 32 63 32 63 33 62 33
64 32 65 32 65 33 64 33
66 32 67 32 67 33 66 33
68 32 69 32 69 33 68 33
70 32 71 32 71 33 70 33
72 32 73 32 73 33 72 33
74 32 75 32 75 33 74 33
76 32 77 32 77 33 76 33
78 32 79 32 79 33 78 33
0 34 1 34 1 35 0 35
2 34 3 34 3 35 2 35
4 34 5 34 5 35 4 35
6 34 7 34 7 35 6 35
8 34 9 34 9 35 8 35
10 34 11 34 11 35 10 35
12 34 13 34 13 35 12 35
14 34 15 34 15 35 14 35
16 34 17 34 17 35 16 35
18 34 19 34 19 35 18 35
20 34 21 34 21 35 20 35
22 34 23 34 23 35 22 35
24 34 25 34 25 35 24 35
26 34 27 34 27 35 26 35
28 34 29 34 29 35 28 35
30 34 31 34 31 35 30 35
32 34 33 34 33 35 32 35
34 34 35 34 35 35 34 35
36 34 37 34 37 35 36 35
38 34 39 34 39 35 38 35
40 34 41 34 41 35 40 35
42 34 43 34 43 35 42 35
44 34 45 34 45 35 44 35
46 34 47 34 47 35 46 35
48 34 49 34 49 35 48 35
50 34 51 34 51 35 50 35
52 34 53 34 53 35 52 35
54 34 55 34 55 35 54 35
56 34 57 34 57 35 56 35
58 34 59 34 59 35 58 35
60 34 61 34 61 35 60 35
62 34 63 34 63 35 62 35
64 34 65 34 65 35 64 35
66 34 67 34 67 35 66 35
68 34 69 34 69 35 68 35
70 34 71 34 71 35 70 35
72 34 73 34 73 35 72 35
74 34 75 34 75 35 74 35
76 34 77 34 77 35 76 35
78 34 79 34 79 35 78 35
0 36 1 36 1 37 0 37
2 36 3 36 3 37 2 37
4 36 5 36 5 37 4 37
6 36 7 36 7 37 6 37
8 36 9 36 9 37 8 37
10 36 11 36 11 37 10 37
12 36 13 36 13 37 12 37
14 36 15 36 15 37 14 37
16 36 17 36 17 37 16 37
18 36 19 36 19 37 18 37
20 36 21 36 21 37 20 37
22 36 23 36 23 37 22 37
24 36 25 36 25 37 24 37
26 36 27 36 27 37 26 37
28 36 29 36 29 37 28 37
30 36 31 36 31 37 30 37
32 36 33 36 33 37 32 37
34 36 35 36 35 37 34 37
36 36 37 36 37 37 36 37
38 36 39 36 39 37 38 37
40 36 41 36 41 37 40 37
42 36 43 36 43 37 42 37
44 36 45 36 45 37 44 37
46 36 47 36 47 37 46 37
48 36 49 36 49 37 48 37
50 36 51 36 51 37 50 37
52 36 53 36 53 37 52 37
54 36 55 36 55 37 54 37
56 36 57 36 57 37 56 37
58 36 59 36 59 37 58 37
60 36 61 36 61 37 60 37
62 36 63 36 63 37 62 37
64 36 65 36 65 37 64 37
66 36 67 36 67 37 66 37
68 36 69 36 69 37 68 37
70 36 71 36 71 37 70 37
72 36 73 36 73 37 72 37
74 36 75 36 75 37 74 37
76 36 77 36 77 37 76 37
78 36 79 36 79 37 78 37
0 38 1 38 1 39 0 39
2 38 3 38 3 39 2 39
4 38 5 38 5 39 4 39
6 38 7 38 7 39 6 39
8 38 9 38 9 39 8 39
10 38 11 38 11 39 10 39
12 38 13 38 13 39 12 39
14 38 15 38 15 39 14 39
16 38 17 38 17 39 16 39
18 38 19 38 19 39 18 39
20 38 21 38 21 39 20 39
22 38 23 38 23 39 22 39
24 38 25 38 25 39 24 39
26 38 27 38 27 39 26 39
28 38 29 38 29 39 28 39
30 38 31 38 31 39 30 39
32 38 33 38 33 39 32 39
34 38 35 38 35 39 34 39
36 38 37 38 37 39 36 39
38 38 39 38 39 39 38 39
40 38 41 38 41 39 40 39
42 38 43 38 43 39 42 39
44 38 45 38 45 39 44 39
46 38 47 38 47 39 46 39
48 38 49 38 49 39 48 39
50 38 51 38 51 39 50 39
52 38 53 38 53 39 52 39
54 38 55 38 55 39 54 39
56 38 57 38 57 39 56 39
58 38 59 38 59 39 58 39
60 38 61 38 61 39 60 39
62 38 63 38 63 39 62 39
64 38 65 38 65 39 64 39
66 38 67 38 67 39 66 39
68 38 69 38 69 39 68 39
70 38 71 38 71 39 70 39
72 38 73 38 73 39 72 39
74 38 75 38 75 39 74 39
76 38 77 38 77 39 76 39
78 38 79 38 79 39 78 39
0 40 1 40 1 41 0 41
2 40 3 40 3 41 2 41
4 40 5 40 5 41 4 41
6 40 7 40 7 41 6 41
8 40 9 40 9 41 8 41
10 40 11 40 11 41 10 41
12 40 13 40 13 41 12 41
14 40 15 40 15 41 14 41
16 40 17 40 17 41 16 41
18 40 19 40 19 41 18 41
20 40 21 40 21 41 20 41
22 40 23 40 23 41 22 41
24 40 25 40 25 41 24 41
26 40 27 40 27 41 26 41
28 40 29 40 29 41 28 41
30 40 31 40 31 41 30 41
32 40 33 40 33 41 32 41
34 40 35 40 35 41 34 41
36 40 37 40 37 41 36 41
38 40 39 40 39 41 38 41
40 40 41 40 41 41 40 41
42 40 43 40 43 41 42 41
44 40 45 40 45 41 44 41
46 40 47 40 47 41 46 41
48 40 49 40 49 41 48 41
50 40 51 40 51 41 50 41
52 40 53 40 53 41 52 41
54 40 55 40 55 41 54 41
56 40 57 40 57 41 56 41
58 40 59 40 59 41 58 41
60 40 61 40 61 41 60 41
62 40 63 40 63 41 62 41
64 40 65 40 65 41 64 41
66 40 67 40 67 41 66 41
68 40 69 40 69 41 68 41
70 40 71 40 71 41 70 41
72 40 73 40 73 41 72 41
74 40 75 40 75 41 74 41
76 40 77 40 77 41 76 41
78 40 79 40 79 41 78 41
0 42 1 42 1 43 0 43
2 42 3 42 3 43 2 43
4 42 5 42 5 43 4 43
6 42 7 42 7 43 6 43
8 42 9 42 9 43 8 43
10 42 11 42 11 43 10 43
12 42 13 42 13 43 12 43
14 42 15 42 15 43 14 43
16 42 17 42 17 43 16 43
18 42 19 42 19 43 18 43
20 42 21 42 21 43 20 43
22 42 23 42 23 43 22 43
24 42 25 42 25 43 24 43
26 42 27 42 27 43 26 43
28 42 29 42 29 43 28 43
30 42 31 42 31 43 30 43
32 42 33 42 33 43 32 43
34 42 35 42 35 43 34 43
36 42 37 42 37 43 36 43
38 42 39 42 39 43 38 43
40 42 41 42 41 43 40 43
42 42 43 42 43 43 42 43
44 42 45 42 45 43 44 43
46 42 47 42 47 43 46 43
48 42 49 42 49 43 48 43
50 42 51 42 51 43 50 43
52 42 53 42 53 43 52 43
54 42 55 42 55 43 54 43
56 42 57 42 57 43 56 43
58 42 59 42 59 43 58 43
60 42 61 42 61 43 60 43
62 42 63 42 63 43 62 43
64 42 65 42 65 43 64 43
66 42 67 42 67 43 66 43
68 42 69 42 69 43 68 43
70 42 71 42 71 43 70 43
72 42 73 42 73 43 72 43
74 42 75 42 75 43 74 43
76 42 77 42 77 43 76 43
78 42 79 42 79 43 78 43
0 44 1 44 1 45 0 45
2 44 3 44 3 45 2 45
4 44 5 44 5 45 4 45
6 44 7 44 7 45 6 45
8 44 9 44 9 45 8 45
10 44 11 44 11 45 10 45
12 44 13 44 13 45 12 45
14 44 15 44 15 45 14 45
16 44 17 44 17 45 16 45
18 44 19 44 19 45 18 45
20 44 21 44 21 45 20 45
22 44 23 44 23 45 22 45
24 44 25 44 25 45 24 45
26 44 27 44 27 45 26 45
28 44 29 44 29 45 28 45
30 44 31 44 31 45 30 45
32 44 33 44 33 45 32 45
34 44 35 44 35 45 34 45
36 44 37 44 37 45 36 45
38 44 39 44 39 45 38 45
40 44 41 44 41 45 40 45
42 44 43 44 43 45 42 45
44 44 45 44 45 45 44 45
46 44 47 44 47 45 46 45
48 44 49 44 49 45 48 45
50 44 51 44 51 45 50 45
52 44 53 44 53 45 52 45
54 44 55 44 55 45 54 45
56 44 57 44 57 45 56 45
58 44 59 44 59 45 58 45
60 44 61 44 61 45 60 45
62 44 63 44 63 45 62 45
64 44 65 44 65 45 64 45
66 44 67 44 67 45 66 45
68 44 69 44 69 45 68 45
70 44 71 44 71 45 70 45
72 44 73 44 73 45 72 45
74 44 75 44 75 45 74 45
76 44 77 44 77 45 76 45
78 44 79 44 79 45 78 45
0 46 1 46 1 47 0 47
2 46 3 46 3 47 2 47
4 46 5 46 5 47 4 47
6 46 7 46 7 47 6 47
8 46 9 46 9 47 8 47
10 46 11 46 11 47 10 47
12 46 13 46 13 47 12 47
14 46 15 46 15 47 14 47
16 46 17 46 17 47 16 47
18 46 19 46 19 47 18 47
20 46 21 46 21 47 20 47
22 46 23 46 23 47 22 47
24 46 25 46 25 47 24 47
26 46 27 46 27 47 26 47
28 46 29 46 29 47 28 47
30 46 31 46 31 47 30 47
32 46 33 46 33 47 32 47
34 46 35 46 35 47 34 47
36 46 37 46 37 47 36 47
38 46 39 46 39 47 38 47
40 46 41 46 41 47 40 47
42 46 43 46 43 47 42 47
44 46 45 46 45 47 44 47
46 46 47 46 47 47 46 47
48 46 49 46 49 47 48 47
50 46 51 46 51 47 50 47
52 46 53 46 53 47 52 47
54 46 55 46 55 47 54 47
56 46 57 46 57 47 56 47
58 46 59 46 59 47 58 47
60 46 61 46 61 47 60 47
62 46 63 46 63 47 62 47
64 46 65 46 65 47 64 47
66 46 67 46 67 47 66 47
68 46 69 46 69 47 68 47
70 46 71 46 71 47 70 47
72 46 73 46 73 47 72 47
74 46 75 46 75 47 74 47
76 46 77 46 77 47 76 47
78 46 79 46 79 47 78 47
0 48 1 48 1 49 0 49
2 48 3 48 3 49 2 49
4 48 5 48 5 49 4 49
6 48 7 48 7 49 6 49
8 48 9 48 9 49 8 49
10 48 11 48 11 49 10 49
12 48 13 48 13 49 12 49
14 48 15 48 15 49 14 49
16 48 17 48 17 49 16 49
18 48 19 48 19 49 18 49
20 48 21 48 21 49 20 49
22 48 23 48 23 49 22 49
24 48 25 48 25 49 24 49
26 48 27 48 27 49 26 49
28 48 29 48 29 49 28 49
30 48 31 48 31 49 30 49
32 48 33 48 33 49 32 49
34 48 35 48 35 49 34 49
36 48 37 48 37 49 36 49
38 48 39 48 39 49 38 49
40 48 41 48 41 49 40 49
42 48 43 48 43 49 42 49
44 48 45 48 45 49 44 49
46 48 47 48 47 49 46 49
48 48 49 48 49 49 48 49
50 48 51 48 51 49 50 49
52 48 53 48 53 49 52 49
54 48 55 48 55 49 54 49
56 48 57 48 57 49 56 49
58 48 59 48 59 49 58 49
60 48 61 48 61 49 60 49
62 48 63 48 63 49 62 49
64 48 65 48 65 49 64 49
66 48 67 48 67 49 66 49
68 48 69 48 69 49 68 49
70 48 71 48 71 49 70 49
72 48 73 48 73 49 72 49
74 48 75 48 75 49 74 49
76 48 77 48 77 49 76 49
77.5 47.5 78.5 47.5 78.5 48.5 77.5 48.5
